-5 25
-4.993333333 24.93337778
-4.986666667 24.86684444
-4.98 24.8004
-4.973333333 24.73404444
-4.966666667 24.66777778
-4.96 24.6016
-4.953333333 24.53551111
-4.946666667 24.46951111
-4.94 24.4036
-4.933333333 24.33777778
-4.926666667 24.27204444
-4.92 24.2064
-4.913333333 24.14084444
-4.906666667 24.07537778
-4.9 24.01
-4.893333333 23.94471111
-4.886666667 23.87951111
-4.88 23.8144
-4.873333333 23.74937778
-4.866666667 23.68444444
-4.86 23.6196
-4.853333333 23.55484444
-4.846666667 23.49017778
-4.84 23.4256
-4.833333333 23.36111111
-4.826666667 23.29671111
-4.82 23.2324
-4.813333333 23.16817778
-4.806666667 23.10404444
-4.8 23.04
-4.793333333 22.97604444
-4.786666667 22.91217778
-4.78 22.8484
-4.773333333 22.78471111
-4.766666667 22.72111111
-4.76 22.6576
-4.753333333 22.59417778
-4.746666667 22.53084444
-4.74 22.4676
-4.733333333 22.40444444
-4.726666667 22.34137778
-4.72 22.2784
-4.713333333 22.21551111
-4.706666667 22.15271111
-4.7 22.09
-4.693333333 22.02737778
-4.686666667 21.96484444
-4.68 21.9024
-4.673333333 21.84004444
-4.666666667 21.77777778
-4.66 21.7156
-4.653333333 21.65351111
-4.646666667 21.59151111
-4.64 21.5296
-4.633333333 21.46777778
-4.626666667 21.40604444
-4.62 21.3444
-4.613333333 21.28284444
-4.606666667 21.22137778
-4.6 21.16
-4.593333333 21.09871111
-4.586666667 21.03751111
-4.58 20.9764
-4.573333333 20.91537778
-4.566666667 20.85444444
-4.56 20.7936
-4.553333333 20.73284444
-4.546666667 20.67217778
-4.54 20.6116
-4.533333333 20.55111111
-4.526666667 20.49071111
-4.52 20.4304
-4.513333333 20.37017778
-4.506666667 20.31004444
-4.5 20.25
-4.493333333 20.19004444
-4.486666667 20.13017778
-4.48 20.0704
-4.473333333 20.01071111
-4.466666667 19.95111111
-4.46 19.8916
-4.453333333 19.83217778
-4.446666667 19.77284444
-4.44 19.7136
-4.433333333 19.65444444
-4.426666667 19.59537778
-4.42 19.5364
-4.413333333 19.47751111
-4.406666667 19.41871111
-4.4 19.36
-4.393333333 19.30137778
-4.386666667 19.24284444
-4.38 19.1844
-4.373333333 19.12604444
-4.366666667 19.06777778
-4.36 19.0096
-4.353333333 18.95151111
-4.346666667 18.89351111
-4.34 18.8356
-4.333333333 18.77777778
-4.326666667 18.72004444
-4.32 18.6624
-4.313333333 18.60484444
-4.306666667 18.54737778
-4.3 18.49
-4.293333333 18.43271111
-4.286666667 18.37551111
-4.28 18.3184
-4.273333333 18.26137778
-4.266666667 18.20444444
-4.26 18.1476
-4.253333333 18.09084444
-4.246666667 18.03417778
-4.24 17.9776
-4.233333333 17.92111111
-4.226666667 17.86471111
-4.22 17.8084
-4.213333333 17.75217778
-4.206666667 17.69604444
-4.2 17.64
-4.193333333 17.58404444
-4.186666667 17.52817778
-4.18 17.4724
-4.173333333 17.41671111
-4.166666667 17.36111111
-4.16 17.3056
-4.153333333 17.25017778
-4.146666667 17.19484444
-4.14 17.1396
-4.133333333 17.08444444
-4.126666667 17.02937778
-4.12 16.9744
-4.113333333 16.91951111
-4.106666667 16.86471111
-4.1 16.81
-4.093333333 16.75537778
-4.086666667 16.70084444
-4.08 16.6464
-4.073333333 16.59204444
-4.066666667 16.53777778
-4.06 16.4836
-4.053333333 16.42951111
-4.046666667 16.37551111
-4.04 16.3216
-4.033333333 16.26777778
-4.026666667 16.21404444
-4.02 16.1604
-4.013333333 16.10684444
-4.006666667 16.05337778
-4 16
-3.993333333 15.94671111
-3.986666667 15.89351111
-3.98 15.8404
-3.973333333 15.78737778
-3.966666667 15.73444444
-3.96 15.6816
-3.953333333 15.62884444
-3.946666667 15.57617778
-3.94 15.5236
-3.933333333 15.47111111
-3.926666667 15.41871111
-3.92 15.3664
-3.913333333 15.31417778
-3.906666667 15.26204444
-3.9 15.21
-3.893333333 15.15804444
-3.886666667 15.10617778
-3.88 15.0544
-3.873333333 15.00271111
-3.866666667 14.95111111
-3.86 14.8996
-3.853333333 14.84817778
-3.846666667 14.79684444
-3.84 14.7456
-3.833333333 14.69444444
-3.826666667 14.64337778
-3.82 14.5924
-3.813333333 14.54151111
-3.806666667 14.49071111
-3.8 14.44
-3.793333333 14.38937778
-3.786666667 14.33884444
-3.78 14.2884
-3.773333333 14.23804444
-3.766666667 14.18777778
-3.76 14.1376
-3.753333333 14.08751111
-3.746666667 14.03751111
-3.74 13.9876
-3.73 13.9129
-3.72 13.8384
-3.71 13.7641
-3.7 13.69
-3.69 13.6161
-3.68 13.5424
-3.67 13.4689
-3.66 13.3956
-3.65 13.3225
-3.64 13.2496
-3.63 13.1769
-3.62 13.1044
-3.61 13.0321
-3.6 12.96
-3.59 12.8881
-3.58 12.8164
-3.57 12.7449
-3.56 12.6736
-3.55 12.6025
-3.54 12.5316
-3.53 12.4609
-3.52 12.3904
-3.51 12.3201
-3.5 12.25
-3.49 12.1801
-3.48 12.1104
-3.47 12.0409
-3.46 11.9716
-3.45 11.9025
-3.44 11.8336
-3.43 11.7649
-3.42 11.6964
-3.41 11.6281
-3.4 11.56
-3.39 11.4921
-3.38 11.4244
-3.37 11.3569
-3.36 11.2896
-3.35 11.2225
-3.34 11.1556
-3.33 11.0889
-3.32 11.0224
-3.31 10.9561
-3.3 10.89
-3.29 10.8241
-3.28 10.7584
-3.27 10.6929
-3.26 10.6276
-3.25 10.5625
-3.24 10.4976
-3.23 10.4329
-3.22 10.3684
-3.21 10.3041
-3.2 10.24
-3.19 10.1761
-3.18 10.1124
-3.17 10.0489
-3.16 9.9856
-3.15 9.9225
-3.14 9.8596
-3.13 9.7969
-3.12 9.7344
-3.11 9.6721
-3.1 9.61
-3.09 9.5481
-3.08 9.4864
-3.07 9.4249
-3.06 9.3636
-3.05 9.3025
-3.04 9.2416
-3.03 9.1809
-3.02 9.1204
-3.01 9.0601
-3 9
-2.99 8.9401
-2.98 8.8804
-2.97 8.8209
-2.96 8.7616
-2.95 8.7025
-2.94 8.6436
-2.93 8.5849
-2.92 8.5264
-2.91 8.4681
-2.9 8.41
-2.89 8.3521
-2.88 8.2944
-2.87 8.2369
-2.86 8.1796
-2.85 8.1225
-2.84 8.0656
-2.83 8.0089
-2.82 7.9524
-2.81 7.8961
-2.8 7.84
-2.79 7.7841
-2.78 7.7284
-2.77 7.6729
-2.76 7.6176
-2.75 7.5625
-2.74 7.5076
-2.73 7.4529
-2.72 7.3984
-2.71 7.3441
-2.7 7.29
-2.69 7.2361
-2.68 7.1824
-2.67 7.1289
-2.66 7.0756
-2.65 7.0225
-2.64 6.9696
-2.63 6.9169
-2.62 6.8644
-2.61 6.8121
-2.6 6.76
-2.59 6.7081
-2.58 6.6564
-2.57 6.6049
-2.56 6.5536
-2.55 6.5025
-2.54 6.4516
-2.53 6.4009
-2.52 6.3504
-2.51 6.3001
-2.5 6.25
-2.49 6.2001
-2.48 6.1504
-2.47 6.1009
-2.46 6.0516
-2.45 6.0025
-2.44 5.9536
-2.43 5.9049
-2.42 5.8564
-2.41 5.8081
-2.4 5.76
-2.39 5.7121
-2.38 5.6644
-2.37 5.6169
-2.36 5.5696
-2.35 5.5225
-2.34 5.4756
-2.33 5.4289
-2.32 5.3824
-2.31 5.3361
-2.3 5.29
-2.29 5.2441
-2.28 5.1984
-2.27 5.1529
-2.26 5.1076
-2.25 5.0625
-2.24 5.0176
-2.23 4.9729
-2.22 4.9284
-2.21 4.8841
-2.2 4.84
-2.19 4.7961
-2.18 4.7524
-2.17 4.7089
-2.16 4.6656
-2.15 4.6225
-2.14 4.5796
-2.13 4.5369
-2.12 4.4944
-2.11 4.4521
-2.1 4.41
-2.09 4.3681
-2.08 4.3264
-2.07 4.2849
-2.06 4.2436
-2.05 4.2025
-2.04 4.1616
-2.03 4.1209
-2.02 4.0804
-2.01 4.0401
-2 4
-1.99 3.9601
-1.98 3.9204
-1.97 3.8809
-1.96 3.8416
-1.95 3.8025
-1.94 3.7636
-1.93 3.7249
-1.92 3.6864
-1.91 3.6481
-1.9 3.61
-1.89 3.5721
-1.88 3.5344
-1.87 3.4969
-1.86 3.4596
-1.85 3.4225
-1.84 3.3856
-1.83 3.3489
-1.82 3.3124
-1.81 3.2761
-1.8 3.24
-1.79 3.2041
-1.78 3.1684
-1.77 3.1329
-1.76 3.0976
-1.75 3.0625
-1.74 3.0276
-1.73 2.9929
-1.72 2.9584
-1.71 2.9241
-1.7 2.89
-1.69 2.8561
-1.68 2.8224
-1.67 2.7889
-1.66 2.7556
-1.65 2.7225
-1.64 2.6896
-1.63 2.6569
-1.62 2.6244
-1.61 2.5921
-1.6 2.56
-1.59 2.5281
-1.58 2.4964
-1.57 2.4649
-1.56 2.4336
-1.55 2.4025
-1.54 2.3716
-1.53 2.3409
-1.52 2.3104
-1.51 2.2801
-1.5 2.25
-1.49 2.2201
-1.48 2.1904
-1.47 2.1609
-1.46 2.1316
-1.45 2.1025
-1.44 2.0736
-1.43 2.0449
-1.42 2.0164
-1.41 1.9881
-1.4 1.96
-1.39 1.9321
-1.38 1.9044
-1.37 1.8769
-1.36 1.8496
-1.35 1.8225
-1.34 1.7956
-1.33 1.7689
-1.32 1.7424
-1.31 1.7161
-1.3 1.69
-1.29 1.6641
-1.28 1.6384
-1.27 1.6129
-1.26 1.5876
-1.25 1.5625
-1.24 1.5376
-1.22 1.4884
-1.2 1.44
-1.18 1.3924
-1.16 1.3456
-1.14 1.2996
-1.12 1.2544
-1.1 1.21
-1.08 1.1664
-1.06 1.1236
-1.04 1.0816
-1.02 1.0404
-1 1
-0.98 0.9604
-0.96 0.9216
-0.94 0.8836
-0.92 0.8464
-0.9 0.81
-0.88 0.7744
-0.86 0.7396
-0.84 0.7056
-0.82 0.6724
-0.8 0.64
-0.78 0.6084
-0.76 0.5776
-0.74 0.5476
-0.72 0.5184
-0.7 0.49
-0.68 0.4624
-0.66 0.4356
-0.64 0.4096
-0.62 0.3844
-0.6 0.36
-0.58 0.3364
-0.56 0.3136
-0.54 0.2916
-0.52 0.2704
-0.5 0.25
-0.48 0.2304
-0.46 0.2116
-0.44 0.1936
-0.42 0.1764
-0.4 0.16
-0.38 0.1444
-0.36 0.1296
-0.34 0.1156
-0.32 0.1024
-0.3 0.09
-0.28 0.0784
-0.26 0.0676
-0.24 0.0576
-0.22 0.0484
-0.2 0.04
-0.18 0.0324
-0.16 0.0256
-0.14 0.0196
-0.12 0.0144
-0.1 0.01
-0.08 0.0064
-0.06 0.0036
-0.04 0.0016
-0.02 0.0004
0 0
0 0
0.02 0.0004
0.04 0.0016
0.06 0.0036
0.08 0.0064
0.1 0.01
0.12 0.0144
0.14 0.0196
0.16 0.0256
0.18 0.0324
0.2 0.04
0.22 0.0484
0.24 0.0576
0.26 0.0676
0.28 0.0784
0.3 0.09
0.32 0.1024
0.34 0.1156
0.36 0.1296
0.38 0.1444
0.4 0.16
0.42 0.1764
0.44 0.1936
0.46 0.2116
0.48 0.2304
0.5 0.25
0.52 0.2704
0.54 0.2916
0.56 0.3136
0.58 0.3364
0.6 0.36
0.62 0.3844
0.64 0.4096
0.66 0.4356
0.68 0.4624
0.7 0.49
0.72 0.5184
0.74 0.5476
0.76 0.5776
0.78 0.6084
0.8 0.64
0.82 0.6724
0.84 0.7056
0.86 0.7396
0.88 0.7744
0.9 0.81
0.92 0.8464
0.94 0.8836
0.96 0.9216
0.98 0.9604
1 1
1.02 1.0404
1.04 1.0816
1.06 1.1236
1.08 1.1664
1.1 1.21
1.12 1.2544
1.14 1.2996
1.16 1.3456
1.18 1.3924
1.2 1.44
1.22 1.4884
1.24 1.5376
1.25 1.5625
1.26 1.5876
1.27 1.6129
1.28 1.6384
1.29 1.6641
1.3 1.69
1.31 1.7161
1.32 1.7424
1.33 1.7689
1.34 1.7956
1.35 1.8225
1.36 1.8496
1.37 1.8769
1.38 1.9044
1.39 1.9321
1.4 1.96
1.41 1.9881
1.42 2.0164
1.43 2.0449
1.44 2.0736
1.45 2.1025
1.46 2.1316
1.47 2.1609
1.48 2.1904
1.49 2.2201
1.5 2.25
1.51 2.2801
1.52 2.3104
1.53 2.3409
1.54 2.3716
1.55 2.4025
1.56 2.4336
1.57 2.4649
1.58 2.4964
1.59 2.5281
1.6 2.56
1.61 2.5921
1.62 2.6244
1.63 2.6569
1.64 2.6896
1.65 2.7225
1.66 2.7556
1.67 2.7889
1.68 2.8224
1.69 2.8561
1.7 2.89
1.71 2.9241
1.72 2.9584
1.73 2.9929
1.74 3.0276
1.75 3.0625
1.76 3.0976
1.77 3.1329
1.78 3.1684
1.79 3.2041
1.8 3.24
1.81 3.2761
1.82 3.3124
1.83 3.3489
1.84 3.3856
1.85 3.4225
1.86 3.4596
1.87 3.4969
1.88 3.5344
1.89 3.5721
1.9 3.61
1.91 3.6481
1.92 3.6864
1.93 3.7249
1.94 3.7636
1.95 3.8025
1.96 3.8416
1.97 3.8809
1.98 3.9204
1.99 3.9601
2 4
2.01 4.0401
2.02 4.0804
2.03 4.1209
2.04 4.1616
2.05 4.2025
2.06 4.2436
2.07 4.2849
2.08 4.3264
2.09 4.3681
2.1 4.41
2.11 4.4521
2.12 4.4944
2.13 4.5369
2.14 4.5796
2.15 4.6225
2.16 4.6656
2.17 4.7089
2.18 4.7524
2.19 4.7961
2.2 4.84
2.21 4.8841
2.22 4.9284
2.23 4.9729
2.24 5.0176
2.25 5.0625
2.26 5.1076
2.27 5.1529
2.28 5.1984
2.29 5.2441
2.3 5.29
2.31 5.3361
2.32 5.3824
2.33 5.4289
2.34 5.4756
2.35 5.5225
2.36 5.5696
2.37 5.6169
2.38 5.6644
2.39 5.7121
2.4 5.76
2.41 5.8081
2.42 5.8564
2.43 5.9049
2.44 5.9536
2.45 6.0025
2.46 6.0516
2.47 6.1009
2.48 6.1504
2.49 6.2001
2.5 6.25
2.51 6.3001
2.52 6.3504
2.53 6.4009
2.54 6.4516
2.55 6.5025
2.56 6.5536
2.57 6.6049
2.58 6.6564
2.59 6.7081
2.6 6.76
2.61 6.8121
2.62 6.8644
2.63 6.9169
2.64 6.9696
2.65 7.0225
2.66 7.0756
2.67 7.1289
2.68 7.1824
2.69 7.2361
2.7 7.29
2.71 7.3441
2.72 7.3984
2.73 7.4529
2.74 7.5076
2.75 7.5625
2.76 7.6176
2.77 7.6729
2.78 7.7284
2.79 7.7841
2.8 7.84
2.81 7.8961
2.82 7.9524
2.83 8.0089
2.84 8.0656
2.85 8.1225
2.86 8.1796
2.87 8.2369
2.88 8.2944
2.89 8.3521
2.9 8.41
2.91 8.4681
2.92 8.5264
2.93 8.5849
2.94 8.6436
2.95 8.7025
2.96 8.7616
2.97 8.8209
2.98 8.8804
2.99 8.9401
3 9
3.01 9.0601
3.02 9.1204
3.03 9.1809
3.04 9.2416
3.05 9.3025
3.06 9.3636
3.07 9.4249
3.08 9.4864
3.09 9.5481
3.1 9.61
3.11 9.6721
3.12 9.7344
3.13 9.7969
3.14 9.8596
3.15 9.9225
3.16 9.9856
3.17 10.0489
3.18 10.1124
3.19 10.1761
3.2 10.24
3.21 10.3041
3.22 10.3684
3.23 10.4329
3.24 10.4976
3.25 10.5625
3.26 10.6276
3.27 10.6929
3.28 10.7584
3.29 10.8241
3.3 10.89
3.31 10.9561
3.32 11.0224
3.33 11.0889
3.34 11.1556
3.35 11.2225
3.36 11.2896
3.37 11.3569
3.38 11.4244
3.39 11.4921
3.4 11.56
3.41 11.6281
3.42 11.6964
3.43 11.7649
3.44 11.8336
3.45 11.9025
3.46 11.9716
3.47 12.0409
3.48 12.1104
3.49 12.1801
3.5 12.25
3.51 12.3201
3.52 12.3904
3.53 12.4609
3.54 12.5316
3.55 12.6025
3.56 12.6736
3.57 12.7449
3.58 12.8164
3.59 12.8881
3.6 12.96
3.61 13.0321
3.62 13.1044
3.63 13.1769
3.64 13.2496
3.65 13.3225
3.66 13.3956
3.67 13.4689
3.68 13.5424
3.69 13.6161
3.7 13.69
3.71 13.7641
3.72 13.8384
3.73 13.9129
3.74 13.9876
3.746666667 14.03751111
3.753333333 14.08751111
3.76 14.1376
3.766666667 14.18777778
3.773333333 14.23804444
3.78 14.2884
3.786666667 14.33884444
3.793333333 14.38937778
3.8 14.44
3.806666667 14.49071111
3.813333333 14.54151111
3.82 14.5924
3.826666667 14.64337778
3.833333333 14.69444444
3.84 14.7456
3.846666667 14.79684444
3.853333333 14.84817778
3.86 14.8996
3.866666667 14.95111111
3.873333333 15.00271111
3.88 15.0544
3.886666667 15.10617778
3.893333333 15.15804444
3.9 15.21
3.906666667 15.26204444
3.913333333 15.31417778
3.92 15.3664
3.926666667 15.41871111
3.933333333 15.47111111
3.94 15.5236
3.946666667 15.57617778
3.953333333 15.62884444
3.96 15.6816
3.966666667 15.73444444
3.973333333 15.78737778
3.98 15.8404
3.986666667 15.89351111
3.993333333 15.94671111
4 16
4.006666667 16.05337778
4.013333333 16.10684444
4.02 16.1604
4.026666667 16.21404444
4.033333333 16.26777778
4.04 16.3216
4.046666667 16.37551111
4.053333333 16.42951111
4.06 16.4836
4.066666667 16.53777778
4.073333333 16.59204444
4.08 16.6464
4.086666667 16.70084444
4.093333333 16.75537778
4.1 16.81
4.106666667 16.86471111
4.113333333 16.91951111
4.12 16.9744
4.126666667 17.02937778
4.133333333 17.08444444
4.14 17.1396
4.146666667 17.19484444
4.153333333 17.25017778
4.16 17.3056
4.166666667 17.36111111
4.173333333 17.41671111
4.18 17.4724
4.186666667 17.52817778
4.193333333 17.58404444
4.2 17.64
4.206666667 17.69604444
4.213333333 17.75217778
4.22 17.8084
4.226666667 17.86471111
4.233333333 17.92111111
4.24 17.9776
4.246666667 18.03417778
4.253333333 18.09084444
4.26 18.1476
4.266666667 18.20444444
4.273333333 18.26137778
4.28 18.3184
4.286666667 18.37551111
4.293333333 18.43271111
4.3 18.49
4.306666667 18.54737778
4.313333333 18.60484444
4.32 18.6624
4.326666667 18.72004444
4.333333333 18.77777778
4.34 18.8356
4.346666667 18.89351111
4.353333333 18.95151111
4.36 19.0096
4.366666667 19.06777778
4.373333333 19.12604444
4.38 19.1844
4.386666667 19.24284444
4.393333333 19.30137778
4.4 19.36
4.406666667 19.41871111
4.413333333 19.47751111
4.42 19.5364
4.426666667 19.59537778
4.433333333 19.65444444
4.44 19.7136
4.446666667 19.77284444
4.453333333 19.83217778
4.46 19.8916
4.466666667 19.95111111
4.473333333 20.01071111
4.48 20.0704
4.486666667 20.13017778
4.493333333 20.19004444
4.5 20.25
4.506666667 20.31004444
4.513333333 20.37017778
4.52 20.4304
4.526666667 20.49071111
4.533333333 20.55111111
4.54 20.6116
4.546666667 20.67217778
4.553333333 20.73284444
4.56 20.7936
4.566666667 20.85444444
4.573333333 20.91537778
4.58 20.9764
4.586666667 21.03751111
4.593333333 21.09871111
4.6 21.16
4.606666667 21.22137778
4.613333333 21.28284444
4.62 21.3444
4.626666667 21.40604444
4.633333333 21.46777778
4.64 21.5296
4.646666667 21.59151111
4.653333333 21.65351111
4.66 21.7156
4.666666667 21.77777778
4.673333333 21.84004444
4.68 21.9024
4.686666667 21.96484444
4.693333333 22.02737778
4.7 22.09
4.706666667 22.15271111
4.713333333 22.21551111
4.72 22.2784
4.726666667 22.34137778
4.733333333 22.40444444
4.74 22.4676
4.746666667 22.53084444
4.753333333 22.59417778
4.76 22.6576
4.766666667 22.72111111
4.773333333 22.78471111
4.78 22.8484
4.786666667 22.91217778
4.793333333 22.97604444
4.8 23.04
4.806666667 23.10404444
4.813333333 23.16817778
4.82 23.2324
4.826666667 23.29671111
4.833333333 23.36111111
4.84 23.4256
4.846666667 23.49017778
4.853333333 23.55484444
4.86 23.6196
4.866666667 23.68444444
4.873333333 23.74937778
4.88 23.8144
4.886666667 23.87951111
4.893333333 23.94471111
4.9 24.01
4.906666667 24.07537778
4.913333333 24.14084444
4.92 24.2064
4.926666667 24.27204444
4.933333333 24.33777778
4.94 24.4036
4.946666667 24.46951111
4.953333333 24.53551111
4.96 24.6016
4.966666667 24.66777778
4.973333333 24.73404444
4.98 24.8004
4.986666667 24.86684444
4.993333333 24.93337778
5 25
